[2558, num27, 456222657908, 188396412, 9032701460133]
[2558, num84, 361505464022, 4203405075, 1042851823]
[2558, num87, 209620990764, 13757038742, 1264680665]
[2558, num85, 193506378333, 2381328218, 351503780]
[2558, num72, 151034699569, 2184704648, 74718234160]
[2558, num39, 90659446621, 1431118362, 982004835]
[2558, num73, 90044453655, 1924501916, 3325017656]
[2558, num31, 50673800542, 11823025, 1960076485688]
[2558, num23, 49274193273, 1081245687, 860922201134]
[2558, num74, 45755086288, 73102534, 206556686]
[2558, num, 481014266987, 6865368597, 1968392749869]
