[2560, num27, 386557057065, 120767209, 1919511064815]
[2560, num84, 368368395622, 3036208291, 1091730441]
[2560, num87, 242451971944, 9300979229, 681399514]
[2560, num85, 225960095934, 2185436646, 417893671]
[2560, num72, 161573560379, 507521156, 15383607395]
[2560, num39, 107461232731, 1296351252, 1231081019]
[2560, num73, 89784502211, 1487547472, 833088783]
[2560, num74, 73749349545, 56688387, 333308250]
[2560, num38, 54525219632, 452489363, 620738448]
[2560, num90, 52864743212, 224068414, 29545254]
[2560, num, 597428455532, 5760375656, 927512814520]