[2561, num27, 506976541829, 127045420, 41392535814]
[2561, num84, 374961452248, 3534119257, 1151356114]
[2561, num87, 255476286642, 11552992481, 781932986]
[2561, num85, 232941468508, 2388117796, 459866553]
[2561, num72, 175131546047, 599494241, 7137716524]
[2561, num39, 117981500189, 1618307184, 1578331678]
[2561, num73, 104443715320, 1556704941, 1033615459]
[2561, num74, 84590197434, 37046275, 351006924]
[2561, num38, 57754542717, 422308316, 465742479]
[2561, num76, 54056826205, 80777732, 602616953]
[2561, num, 572447438107, 6886620611, 20367556210]
