[2559, num84, 371147855981, 3356602925, 1592102373]
[2559, num27, 330662288538, 125591212,  7779780704860]
[2559, num87, 242107329632, 14325080159, 660091551]
[2559, num85, 233317674693, 2621546843, 457659472]
[2559, num72, 138973567333, 1057160995, 126753278918]
[2559, num39, 97839415558, 1315899842, 1115473368]
[2559, num73, 87692124137, 1709852932, 1784327539]
[2559, num74, 54140729118, 69002977, 3719711927]
[2559, num90, 49044308330, 299111078, 27392245]
[2559, num31, 44435148241, 3547995, 2193593327458]
[2559, num, 500516834939, 6809122435, 2687005960520]
