[2557, num27, 692093827931, 208606140, 8298033119857]
[2557, num84, 396977195641, 6106606781, 1085428227]
[2557, num87, 214538285087, 13946730262, 709867283]
[2557, num85, 209898940969, 2063136783, 401952619]
[2557, num72, 156040936511, 2249120291, 6002338303]
[2557, num73, 97225174359, 2094266532, 16803636087]
[2557, num39, 96254024144, 1454872483, 987181114]
[2557, num23, 54530231848, 1177200970, 819677077868]
[2557, num31, 52295365594, 5532908, 2103193581281]
[2557, num90, 48580708664, 403422328, 25586641]
[2557, num, 434994422161, 6059366696, 1003688575682]
